34
1, 0, 3
2, 0, 4
2, 1, 5
3, 0, 6
3, 1, 7
3, 2, 20
4, 0, 19
5, 0, 18
6, 0, 17
6, 4, 16
6, 5, 8
7, 0, 9
7, 1, 10
7, 2, 15
7, 3, 14
8, 0, 11
8, 2, 13
9, 2, 12
10, 0, 21
10, 4, 40
10, 5, 39
11, 0, 22
12, 0, 38
12, 3, 37
13, 0, 36
13, 1, 35
13, 2, 34
13, 3, 22
16, 5, 23
16, 6, 24
17, 0, 33
17, 1, 32
19, 0, 25
19, 1, 26
21, 0, 31
21, 1, 30
25, 23, 29
25, 24, 28
27, 2, 60
27, 23, 59
27, 24, 58
28, 2, 41
29, 23, 42
29, 26, 43
30, 1, 44
30, 8, 45
31, 0, 46
31, 24, 47
31, 25, 57
31, 28, 56
32, 2, 55
32, 8, 54
32, 14, 53
32, 15, 48
32, 18, 49
32, 20, 50
32, 22, 52
32, 23, 51
32, 29, 80
32, 30, 61
32, 31, 79
33, 8, 62
33, 9, 63
33, 13, 64
33, 14, 65
33, 15, 77
33, 18, 76
33, 19, 75
33, 20, 66
33, 22, 67
33, 23, 68
33, 26, 69
33, 27, 70
33, 28, 74
33, 29, 73
33, 30, 72
33, 31, 71
33, 32, 78